369
2594
325
425
1529
5269
175
705
4589
4428
1953
3782
3403
1086
2660
1801
2298
2058
321
1043
436
1236
285
1751
1546
2630
657
1281
1872
4732
3807
629
1922
1635
1490
1910
2564
1883
1123
2453
4931
2128
577
338
3209
5051
884
4251
3396
5031
259
898
3194
854
4009
402
2591
4720
45
2316
3503
4618
1271
410
5111
4243
4550
1548
2453
5157
4637
4327
2963
4330
2208
3007
4706
4526
4493
924
2176
1695
3725
781
1088
270
432
3908
549
695
4071
1017
1387
3560
4315
316
1055
1599
1198
733
2633
4323
4914
1395
3030
2979
5160
4666
3708
544
4960
2040
3907
383
3179
1403
2301
4049
931
1144
4746
3057
1688
1657
3575
5168
3860
4384
4323
2234
897
2391
4750
3613
4776
3555
1807
4173
562
2024
4181
2567
4641
3178
1291
2940
2352
653
3523
4702
2987
892
2666
1192
701
3493
4760
649
4554
1070
5141
1766
34
838
1471
3022
4575
981
3720
3179
3211
4103
2699
3171
3096
3324
3263
2156
3698
2984
4094
287
2225
1297
3503
426
3291
1335
2571
2648
4967
2837
4720
2658
2820
3736
2404
782
3586
5160
3108
3103
1560
4815
4189
2798
1760
1070
4666
2535
1403
412
4626
5159
2642
2296
2356
1119
3802
2285
4645
4065
3899
2687
1019
2608
5071
2219
4913
681
3948
3243
2340
167
4835
3405
4834
1470
4459
5092
2113
802
3902
4199
4912
3059
5204
4855
1940
2541
2423
1057
2212
3973
1043
796
1658
4411
572
3353
1955
3404
4697
4494
3312
1884
1585
4657
4931
1220
1981
3925
1374
3601
3125
2824
73
2945
343
1246
4141
1594
3794
2866
3166
2382
695
1603
2036
4989
4034
386
1746
2839
4796
1874
3376
520
130
2959
1498
2936
3700
878
32
4826
1883
3614
578
1560
801
2724
2537
1159
716
1610
5129
706
2023
3477
3684
3465
894
1805
2114
2032
2749
4485
978
4861
1151
768
418
3372
4911
1084
25
3755
470
3582
1583
897
4452
2379
1778
2663
565
4566
3024
1848
1026
3540
5234
373
152
599
192
2026
4272
1614
439
3987
2558
2512
3221
3815
149
2854
5020
4157
2774
5152
3266
1198
2020
3980
764
600
1362
39
2375
2386
2731
388
3633
295
2819
805
3440
4499
1143
694
4207
1304
1374
332
4010
4312
4252
4196
4631
4023
2546
2990
3431
3994
2644
4045
740
2442
1647
344
2744
1018
2766
448
4131
2619
4954
1763
1979
1724
3783
613
990
3840
889
549
4918
710
1942
3846
1310
1013
100
1916
1164
2172
2739
4225
3370
5172
3185
3912
4431
1979
2605
4927
5268
852
4736
2291
466
1108
3035
3771
664
2378
2072
4896
2001
428
4091
3950
5283
864
3294
2421
5008
2448
1596
4700
1001
519
5166
4518
3092
1110
3997
4006
347
4390
2372
2699
3347
3321
856
1285
4730
997
4781
3908
3540
2181
2943
1179
3216
1852
1232
669
294
853
4260
4007
3203
289
3086
914
1950
4356
297
4181
3492
377
451
1402
244
1500
4986
1365
169
5132
2690
2008
3487
1341
3797
2365
4821
2148
3724
4511
5113
853
1225
145
1448
1863
3513
1593
201
3543
2165
5184
2763
840
4987
1499
2974
3981
293
3875
4246
5279
4176
4364
1951
2024
5173
3316
4396
2033
1142
3266
4444
601
3332
1796
2198
2199
4781
522
4791
3233
1614
824
5069
1530
777
4202
3568
4244
4529
2310
3564
4178
3711
585
3378
4444
5244
5039
5271
524
3278
4766
2550
155
192
1955
4603
3272
3264
3412
3000
2914
673
3984
1328
1970
2150
2189
5238
1594
695
4226
249
575
3754
3009
1387
4682
1150
3972
3929
2269
1491
2325
3640
4991
4947
4650
760
1492
5272
5110
2370
4433
3532
3859
2261
176
5072
2411
932
3087
2143
1213
1958
58
1989
3384
3285
2642
5046
1718
118
5216
2318
3122
4264
4545
3305
64
2241
1174
3214
426
1406
2684
2309
2528
2897
12
2128
4870
3590
2402
3276
1597
29
804
2802
4132
4104
2732
2288
1843
4632
2526
4506
1268
3554
617
4959
2639
3520
4971
268
4847
2629
837
257
2614
1921
1998
1812
1457
5033
1341
5238
4040
977
2746
2726
3400
2947
4142
3356
1119
2525
328
699
3565
797
4775
2756
2095
5235
3709
1110
824
3911
5220
3750
1533
2076
4944
4924
2759
1551
831
75
963
232
5239
4031
860
4561
1497
4741
4726
4440
4957
2987
168
4117
2092
1089
1875
4099
4510
3909
4475
4446
3772
3397
4815
2415
3421
4108
4730
2563
408
4501
583
4948
1360
4988
3147
4163
4600
2736
3427
2995
4558
4048
2140
3723
2377
3633
1564
3397
2537
44
2757
5190
1819
1768
614
4491
2311
4787
1425
99
1326
3664
1126
1921
4231
1509
1895
898
3233
1795
5000
2707
3242
291
1802
4089
3897
2438
2946
1638
3072
2283
1482
2635
5067
3948
3901
2882
2058
903
365
2873
3778
5047
2472
851
3264
5237
698
3103
5076
1268
950
3711
566
1065
5019
4596
3602
5069
1194
1383
4932
4631
3626
4617
2446
1931
2472
4441
4275
1747
308
5145
277
1877
282
3248
481
4140
752
2279
2248
2209
3777
720
1480
3182
2395
3227
4981
1748
876
2206
4160
3034
2063
3428
2791
5253
1599
5022
4533
2363
129
4332
791
4808
3855
2710
1429
1188
3000
2970
2682
459
654
4948
160
326
3908
3125
3933
3496
2454
1009
3723
1839
4332
1620
5037
2435
3422
25
134
3403
2926
1688
4940
3805
3926
2950
4675
2291
2380
3810
2982
2402
3923
3116
5176
4304
3021
3213
2649
4571
5057
2432
928
946
417
3662
4438
3127
218
2440
1642
4977
210
1788
2452
4595
4734
3025
69
2925
4668
504
727
2095
1889
1199
1231
4313
1418
1723
2217
2621
2313
4907
1435
1748
404
2283
3278
4001
3184
2474
1149
1589
3590
1179
294
3545
513
4737
3953
815
2869
265
3887
241
3775
4083
1341
4795
5171
1615
2242
1594
5272
797
874
4169
5239
3849
4763
3520
474
4595
3975
446
2412
1474
957
1498
2484
858
4158
4231
354
4524
4533
955
2198
4670
3039
4004
4650
361
1588
2334
279
4490
5017