417
2357
1095
609
2230
75
1671
1950
2233
1236
234
2032
529
159
2361
938
700
1691
1033
1556
2159
1774
885
1982
805
486
61
1225
139
751
0
420
346
564
1782
2286
1917
185
46
695
1488
275
1838
1121
1781
943
1933
111
1904
669
175
316
12
538
1304
165
474
139
145
1910
340
285
243
1661
1227
209
567
1955
2276
1820
1448
183
1917
17
2066
146
1876
1048
1508
411
269
2091
1654
605
1202
2255
1279
1455
1714
2346
286
2269
95
1336
829
1607
1818
509
298
2197
606
667
2022
1647
1671
1720
1359
1892
20
2102
1907
1308
27
747
2063
2244
1309
1707
1874
1998
947
1961
454
260
243
236
529
1284
620
609
476
31
1684
1403
270
761
68
1381
788
437
948
482
288
500
1234
492
761
618
186
468
